{
 "cells": [
  {
   "cell_type": "code",
   "execution_count": 6,
   "metadata": {},
   "outputs": [],
   "source": [
    "# Chase Abram\n",
    "# using Pkg\n",
    "# Pkg.add(\"DataFrames\")\n",
    "using CSV\n",
    "using DataFrames\n",
    "df = DataFrame()\n",
    "df = CSV.read(\"psetOne.csv\", DataFrame)\n",
    "\n",
    "# Pkg.add(\"ForwardDiff\")\n",
    "using ForwardDiff\n",
    "using LinearAlgebra\n",
    "using Optim\n",
    "\n",
    "using Random"
   ]
  },
  {
   "cell_type": "code",
   "execution_count": 7,
   "metadata": {},
   "outputs": [
    {
     "data": {
      "text/plain": [
       "7×2 BitArray{2}:\n",
       " 0  0\n",
       " 0  0\n",
       " 1  0\n",
       " 1  0\n",
       " 0  1\n",
       " 0  1\n",
       " 0  1"
      ]
     },
     "execution_count": 7,
     "metadata": {},
     "output_type": "execute_result"
    }
   ],
   "source": [
    "names(df)\n",
    "df17 = df[df.\"Market\" .== 17, :]\n",
    "# df17.\"shares\"\n",
    "X = convert(Matrix, df17[:, filter(x -> x in [\"Constant\", \"EngineSize\", \"SportsBike\", \"Brand2\", \"Brand3\"], names(df17))])\n",
    "Br = convert(Matrix, df17[:, filter(x -> x in [\"Brand2\", \"Brand3\"], names(df17))])\n",
    "Br = Bool.(Br)"
   ]
  },
  {
   "cell_type": "code",
   "execution_count": 148,
   "metadata": {},
   "outputs": [
    {
     "data": {
      "text/plain": [
       "basic_newton_zero (generic function with 3 methods)"
      ]
     },
     "execution_count": 148,
     "metadata": {},
     "output_type": "execute_result"
    }
   ],
   "source": [
    "function u_bar_jt(delta, sigma, X, zeta)\n",
    "    return delta .+ X*sigma*zeta\n",
    "end\n",
    "\n",
    "function Prij(u_bar)\n",
    "    return exp.(u_bar)./sum(exp.(u_bar))\n",
    "end\n",
    "\n",
    "# Why is this jumping to 0?\n",
    "# Shares\n",
    "function s_logit(p, alpha, beta, X, xi)\n",
    "    \n",
    "    println(\"p in s: \", p)\n",
    "    println(\"X*beta - alpha .* p + xi: \", X*beta - alpha .* p + xi)\n",
    "    # Compute numerators for each s_j\n",
    "#     nums = exp.(X*beta .- alpha.*p[2:end] .+ xi)\n",
    "    nums = exp.(X*beta - alpha.*p + xi)\n",
    "    println(\"nums: \", nums)\n",
    "    \n",
    "    # return s_j, starting with s_0\n",
    "#     return [1/(1 + sum(nums)); nums./(1 + sum(nums))]\n",
    "    return nums./(1 + sum(nums))\n",
    "end\n",
    "\n",
    "# Jacobian of shares\n",
    "function s_logit_jac(p, alpha, beta, X, xi)\n",
    "    # Get shares\n",
    "    s = s_logit(p, alpha, beta, X, xi)\n",
    "    \n",
    "    println(\"s: \", s)\n",
    "    \n",
    "    # Jacobian is the outer product times alpha in this case...\n",
    "    jac = alpha .* s * s'\n",
    "    \n",
    "    # ... except for an extra term on the diag\n",
    "    for j in 1: length(p)\n",
    "        jac[j,j] -= alpha*s[j]\n",
    "    end\n",
    "    \n",
    "    return jac\n",
    "end\n",
    "\n",
    "# Hessian of shares (n by n by n tensor)\n",
    "function s_logit_hess(p, alpha, beta, X, xi)\n",
    "    \n",
    "    # Initialize\n",
    "    hess = zeros(length(p), length(p), length(p))\n",
    "    \n",
    "    # Shares\n",
    "    s = s_logit(p, alpha, beta, X, xi)\n",
    "\n",
    "    # Jacobian of shares\n",
    "    sj = s_logit_jac(p, alpha, beta, X, xi)\n",
    "    \n",
    "    # Fill in\n",
    "    for j in 1:length(p)\n",
    "        for k in 1:length(p)\n",
    "            for l in 1:length(p)\n",
    "                \n",
    "                if j == k\n",
    "                    # on diag of jacobian\n",
    "                    hess[j,k,l] = alpha*sj[l,j]*(2*s[j] - 1)\n",
    "                else\n",
    "                    # off diag of jacobian\n",
    "                    hess[j,k,l] = alpha*(sj[l,j]*s[k] + s[j]*sj[l,k])\n",
    "                end\n",
    "            end\n",
    "        end\n",
    "    end\n",
    "    \n",
    "    return hess\n",
    "end\n",
    "\n",
    "# Ownership structure\n",
    "function Omega_star(br)\n",
    "    \n",
    "    # Initialize\n",
    "#     Om = zeros(size(br,1) + 1,size(br,1) + 1)\n",
    "    Om = zeros(size(br,1),size(br,1))\n",
    "    \n",
    "    for i in 1:size(Om,1)\n",
    "        for j in 1:size(Om,2)\n",
    "            if br[i,1] && br[j,1]\n",
    "                # Brand2\n",
    "                Om[i,j] = 1\n",
    "            elseif br[i,2] && br[j,2]\n",
    "                # Brand3\n",
    "                Om[i,j] = 1\n",
    "            elseif (!br[i,1]&& !br[j,1]) && (!br[i,2]&& !br[j,2])\n",
    "                # Brand1\n",
    "                Om[i,j] = 1\n",
    "            end\n",
    "        end\n",
    "    end\n",
    "    \n",
    "    # Outside option\n",
    "#     Om[1,1] = 1\n",
    "    \n",
    "    return Om\n",
    "end\n",
    "\n",
    "# Negative of Omega in Nevo (2001)\n",
    "function Omega(p, alpha, beta, X, xi, br)\n",
    "    return Omega_star(br) .* s_logit_jac(p, alpha, beta, X, xi)\n",
    "end\n",
    "\n",
    "# Fixed point expression (want zero at FP)\n",
    "function fp_logit(p, alpha, beta, X, xi, br)\n",
    "    return s_logit(p, alpha, beta, X, xi) + Omega(p, alpha, beta, X, xi, br)*p\n",
    "end\n",
    "\n",
    "# (Jacobian of Omega)*p (this is used in the gradient of the FP expression)\n",
    "function jac_om_p(p, alpha, beta, X, xi, br)\n",
    "    jacomp = zeros(length(p), length(p))\n",
    "    sj = s_logit_jac(p, alpha, beta, X, xi)\n",
    "    sh = s_logit_hess(p, alpha, beta, X, xi)\n",
    "    oms = Omega_star(br)\n",
    "    for i in 1:length(p)\n",
    "        for k in 1:length(p)\n",
    "#             jacomp[i,k] = sum([sh[i,j,k]*p[j]*oms[i,j] for j in 1:length(p)]) + sj[i,k]*oms[i,k]\n",
    "            jacomp[i,k] = (sh[i,:,k]' * (oms[i,:] .* p))[1] #+ oms[i,k] * sj[i,k]\n",
    "        end\n",
    "    end\n",
    "    return jacomp\n",
    "end\n",
    "\n",
    "function J_fp_logit(p, alpha, beta, X, xi, br)\n",
    "    sj = s_logit_jac(p, alpha, beta, X, xi)\n",
    "    jacomp = jac_om_p(p, alpha, beta, X, xi, br)\n",
    "    om = Omega(p, alpha, beta, X, xi, br)\n",
    "    println(\"sj: \", sj)\n",
    "    println(\"jacomp: \", jacomp)\n",
    "    println(\"om: \", om)\n",
    "    return sj + jacomp + om\n",
    "end\n",
    "\n",
    "function solve_fp_logit(p0, alpha, beta, X, xi, br, tol = 1e-14, maxiter = 100)\n",
    "    p = p0\n",
    "    pnew = zeros(length(p0))\n",
    "    J = zeros(length(p0), length(p0))\n",
    "    \n",
    "    it = 0\n",
    "    diff = Inf\n",
    "    println(\"p0: \", p0)\n",
    "    while diff > tol && it < maxiter\n",
    "        println(\"p: \", p)\n",
    "        J .= J_fp_logit(p, alpha, beta, X, xi, br)\n",
    "        println(\"J: \", J)\n",
    "#         println(\"J inv: \", inv(J))\n",
    "#         println(\"J under fp: \", J \\ fp_logit(p, alpha, beta, X, xi, br))\n",
    "#         println(\"size(p): \", size(p))\n",
    "#         println(\"size(J under fp): \", size(J \\ fp_logit(x, alpha, beta, X, xi, br)))\n",
    "        pnew .= (p .- (J \\ fp_logit(p, alpha, beta, X, xi, br)))[:,1]\n",
    "        pnew .= min.(pnew, 50)\n",
    "        \n",
    "#         pnew -= J*p\n",
    "#         xnew = min.(max.(xnew, -1000), 1000)\n",
    "        println(\"pnew: \", pnew)\n",
    "        diff = maximum(abs.(pnew - p))\n",
    "        println(\"diff: \", diff)\n",
    "        it += 1\n",
    "        p .= pnew\n",
    "    end\n",
    "    return p\n",
    "end\n",
    "\n",
    "\n",
    "\n",
    "# Squared distance of FP expression from origin\n",
    "function fp_logit_2(p, alpha, beta, X, xi, br)\n",
    "    return (fp_logit(p, alpha, beta, X, xi, br)' * fp_logit(p, alpha, beta, X, xi, br))[1]\n",
    "end\n",
    "\n",
    "\n",
    "# function fp_logit_2_jac(storage, p, alpha, beta, X, xi, br)\n",
    "#     sp = s_logit(p, alpha, beta, X, xi)\n",
    "#     Om = Omega_star(br).* s_logit_jac(p, alpha, beta, X, xi)\n",
    "#     s_jac = s_logit_jac(p, alpha, beta, X, xi)\n",
    "#     jacomp = jac_om_p(p, alpha, beta, X, xi, br)\n",
    "    \n",
    "#     jac = 2*(sp + Om*p)' * (s_jac + jacomp + Om)\n",
    "#     for i in 1:length(p)\n",
    "#         storage[i] = jac[i]\n",
    "#     end\n",
    "# #     storage = (sp + Om*p)' * (s_jac + jacomp + Om)\n",
    "# #     storage = 0\n",
    "# #     return storage\n",
    "    \n",
    "# end\n",
    "\n",
    "# function fp_logit_2_jac(storage, p, alpha, beta, X, xi, br)\n",
    "#     s = s_logit(p, alpha, beta, X, xi)\n",
    "#     oms = Omega_star(br)\n",
    "#     sj = s_logit_jac(p, alpha, beta, X, xi)\n",
    "#     sh = s_logit_hess(p, alpha, beta, X, xi)\n",
    "    \n",
    "#     for k in 1:length(p)\n",
    "#         storage[k] = (2 .* (s + (oms .* sj)*p)' * (sj[k,:] + (oms .* sh[:,:,k])*p + sj[:,k]))[1]\n",
    "#     end\n",
    "#     println(\"stor: \", storage)\n",
    "# #     return storage\n",
    "# end\n",
    "\n",
    "function fp_logit_2_jac(p, alpha, beta, X, xi, br)\n",
    "    s = s_logit(p, alpha, beta, X, xi)\n",
    "    oms = Omega_star(br)\n",
    "    sj = s_logit_jac(p, alpha, beta, X, xi)\n",
    "    sh = s_logit_hess(p, alpha, beta, X, xi)\n",
    "    \n",
    "    out = zeros(length(p))\n",
    "    for k in 1:length(p)\n",
    "        out[k] = (2 .* (s + (oms .* sj)*p)' * (sj[k,:] + (oms .* sh[:,:,k])*p + sj[:,k]))[1]\n",
    "    end\n",
    "#     println(\"stor: \", storage)\n",
    "    return out\n",
    "end\n",
    "\n",
    "function basic_newton_zero(f, g, init, tol = 1e-14, maxiter = 10000)\n",
    "    x = init\n",
    "    x_new = init\n",
    "    diff = Inf\n",
    "    it = 1\n",
    "#     println(\"x init: \", init)\n",
    "    while diff > tol && it < maxiter\n",
    "#         println(\"it: \", it)\n",
    "#         println(\"g(x): \", g(x))\n",
    "        x_new -= 0.5.*g(x)\n",
    "#         println(\"x_new: \", x_new)\n",
    "        diff = maximum(abs.(x_new - x))\n",
    "#         println(\"diff: \", diff)\n",
    "        it += 1\n",
    "        x = x_new\n",
    "    end\n",
    "    return x\n",
    "end\n",
    "\n",
    "\n",
    "# function solve_fp_logit(alpha, beta, X, xi, br, tol = 1e-14, maxit = 100)\n",
    "    \n",
    "#     f(x) = fp_logit_2(x, alpha, beta, X, xi, br)[1,1]\n",
    "    \n",
    "# #     g!(storage, x) = fp_logit_2_jac(storage, x, alpha, beta, X, xi, br)\n",
    "#     g!(x) = fp_logit_2_jac(x, alpha, beta, X, xi, br)\n",
    "    \n",
    "#     out = basic_newton_zero(f, g!, p)\n",
    "# #     Optim.Options(f_tol = tol)\n",
    "# #     Optim.Options(time_limit = 10.0)\n",
    "# #     opt = optimize(f, g!, p, LBFGS(), Optim.Options(time_limit = 5.0))\n",
    "# #     opt = optimize(f, x -> ForwardDiff.gradient(f, p), p, BFGS(), Optim.Options(time_limit = 10.0))\n",
    "# #     return opt, opt.minimizer, opt.minimum\n",
    "#     return out\n",
    "# end\n",
    "\n"
   ]
  },
  {
   "cell_type": "code",
   "execution_count": 149,
   "metadata": {},
   "outputs": [
    {
     "name": "stdout",
     "output_type": "stream",
     "text": [
      "delta: [6.867347201951246; 7.098256184143183; 4.505521246495766; 6.0970857061347585; 9.364401313253515; 16.21187749957435; 12.532813282169538]\n",
      "p in s: [0.0; 0.0; 0.0; 0.0; 0.0; 0.0; 0.0]\n",
      "X*beta - alpha .* p + xi: [6.867347201951246; 7.098256184143183; 4.505521246495766; 6.0970857061347585; 9.364401313253515; 16.21187749957435; 12.532813282169538]\n",
      "nums: [960.397443038427; 1209.8554687510211; 90.51551264834796; 444.5603010397264; 11665.619763891997; 1.0983201197265705e7; 277288.36766584666]\n",
      "p in s: [0.0; 0.0; 0.0; 0.0; 0.0; 0.0; 0.0]\n",
      "X*beta - alpha .* p + xi: [6.867347201951246; 7.098256184143183; 4.505521246495766; 6.0970857061347585; 9.364401313253515; 16.21187749957435; 12.532813282169538]\n",
      "nums: [960.397443038427; 1209.8554687510211; 90.51551264834796; 444.5603010397264; 11665.619763891997; 1.0983201197265705e7; 277288.36766584666]\n",
      "s: [8.518042034442971e-5; 0.00010730557242861756; 8.02808198935337e-6; 3.9429335829140645e-5; 0.0010346574767242985; 0.9741318050063816; 0.0245935054134172]\n",
      "p in s: [0.0; 0.0; 0.0; 0.0; 0.0; 0.0; 0.0]\n",
      "X*beta - alpha .* p + xi: [6.867347201951246; 7.098256184143183; 4.505521246495766; 6.0970857061347585; 9.364401313253515; 16.21187749957435; 12.532813282169538]\n",
      "nums: [960.397443038427; 1209.8554687510211; 90.51551264834796; 444.5603010397264; 11665.619763891997; 1.0983201197265705e7; 277288.36766584666]\n",
      "p in s: [0.0; 0.0; 0.0; 0.0; 0.0; 0.0; 0.0]\n",
      "X*beta - alpha .* p + xi: [6.867347201951246; 7.098256184143183; 4.505521246495766; 6.0970857061347585; 9.364401313253515; 16.21187749957435; 12.532813282169538]\n",
      "nums: [960.397443038427; 1209.8554687510211; 90.51551264834796; 444.5603010397264; 11665.619763891997; 1.0983201197265705e7; 277288.36766584666]\n",
      "s: [8.518042034442971e-5; 0.00010730557242861756; 8.02808198935337e-6; 3.9429335829140645e-5; 0.0010346574767242985; 0.9741318050063816; 0.0245935054134172]\n",
      "p in s: [0.0; 0.0; 0.0; 0.0; 0.0; 0.0; 0.0]\n",
      "X*beta - alpha .* p + xi: [6.867347201951246; 7.098256184143183; 4.505521246495766; 6.0970857061347585; 9.364401313253515; 16.21187749957435; 12.532813282169538]\n",
      "nums: [960.397443038427; 1209.8554687510211; 90.51551264834796; 444.5603010397264; 11665.619763891997; 1.0983201197265705e7; 277288.36766584666]\n",
      "s: [8.518042034442971e-5; 0.00010730557242861756; 8.02808198935337e-6; 3.9429335829140645e-5; 0.0010346574767242985; 0.9741318050063816; 0.0245935054134172]\n",
      "p in s: [0.0; 0.0; 0.0; 0.0; 0.0; 0.0; 0.0]\n",
      "X*beta - alpha .* p + xi: [6.867347201951246; 7.098256184143183; 4.505521246495766; 6.0970857061347585; 9.364401313253515; 16.21187749957435; 12.532813282169538]\n",
      "nums: [960.397443038427; 1209.8554687510211; 90.51551264834796; 444.5603010397264; 11665.619763891997; 1.0983201197265705e7; 277288.36766584666]\n",
      "p in s: [0.0; 0.0; 0.0; 0.0; 0.0; 0.0; 0.0]\n",
      "X*beta - alpha .* p + xi: [6.867347201951246; 7.098256184143183; 4.505521246495766; 6.0970857061347585; 9.364401313253515; 16.21187749957435; 12.532813282169538]\n",
      "nums: [960.397443038427; 1209.8554687510211; 90.51551264834796; 444.5603010397264; 11665.619763891997; 1.0983201197265705e7; 277288.36766584666]\n",
      "s: [8.518042034442971e-5; 0.00010730557242861756; 8.02808198935337e-6; 3.9429335829140645e-5; 0.0010346574767242985; 0.9741318050063816; 0.0245935054134172]\n",
      "p in s: [0.0; 0.0; 0.0; 0.0; 0.0; 0.0; 0.0]\n",
      "X*beta - alpha .* p + xi: [6.867347201951246; 7.098256184143183; 4.505521246495766; 6.0970857061347585; 9.364401313253515; 16.21187749957435; 12.532813282169538]\n",
      "nums: [960.397443038427; 1209.8554687510211; 90.51551264834796; 444.5603010397264; 11665.619763891997; 1.0983201197265705e7; 277288.36766584666]\n",
      "p in s: [0.0; 0.0; 0.0; 0.0; 0.0; 0.0; 0.0]\n",
      "X*beta - alpha .* p + xi: [6.867347201951246; 7.098256184143183; 4.505521246495766; 6.0970857061347585; 9.364401313253515; 16.21187749957435; 12.532813282169538]\n",
      "nums: [960.397443038427; 1209.8554687510211; 90.51551264834796; 444.5603010397264; 11665.619763891997; 1.0983201197265705e7; 277288.36766584666]\n",
      "s: [8.518042034442971e-5; 0.00010730557242861756; 8.02808198935337e-6; 3.9429335829140645e-5; 0.0010346574767242985; 0.9741318050063816; 0.0245935054134172]\n",
      "p0: [0.0; 0.0; 0.0; 0.0; 0.0; 0.0; 0.0]\n",
      "p: [0.0; 0.0; 0.0; 0.0; 0.0; 0.0; 0.0]\n",
      "p in s: [0.0; 0.0; 0.0; 0.0; 0.0; 0.0; 0.0]\n",
      "X*beta - alpha .* p + xi: [6.867347201951246; 7.098256184143183; 4.505521246495766; 6.0970857061347585; 9.364401313253515; 16.21187749957435; 12.532813282169538]\n",
      "nums: [960.397443038427; 1209.8554687510211; 90.51551264834796; 444.5603010397264; 11665.619763891997; 1.0983201197265705e7; 277288.36766584666]\n",
      "s: [8.518042034442971e-5; 0.00010730557242861756; 8.02808198935337e-6; 3.9429335829140645e-5; 0.0010346574767242985; 0.9741318050063816; 0.0245935054134172]\n",
      "p in s: [0.0; 0.0; 0.0; 0.0; 0.0; 0.0; 0.0]\n",
      "X*beta - alpha .* p + xi: [6.867347201951246; 7.098256184143183; 4.505521246495766; 6.0970857061347585; 9.364401313253515; 16.21187749957435; 12.532813282169538]\n",
      "nums: [960.397443038427; 1209.8554687510211; 90.51551264834796; 444.5603010397264; 11665.619763891997; 1.0983201197265705e7; 277288.36766584666]\n",
      "s: [8.518042034442971e-5; 0.00010730557242861756; 8.02808198935337e-6; 3.9429335829140645e-5; 0.0010346574767242985; 0.9741318050063816; 0.0245935054134172]\n",
      "p in s: [0.0; 0.0; 0.0; 0.0; 0.0; 0.0; 0.0]\n",
      "X*beta - alpha .* p + xi: [6.867347201951246; 7.098256184143183; 4.505521246495766; 6.0970857061347585; 9.364401313253515; 16.21187749957435; 12.532813282169538]\n",
      "nums: [960.397443038427; 1209.8554687510211; 90.51551264834796; 444.5603010397264; 11665.619763891997; 1.0983201197265705e7; 277288.36766584666]\n",
      "p in s: [0.0; 0.0; 0.0; 0.0; 0.0; 0.0; 0.0]\n",
      "X*beta - alpha .* p + xi: [6.867347201951246; 7.098256184143183; 4.505521246495766; 6.0970857061347585; 9.364401313253515; 16.21187749957435; 12.532813282169538]\n",
      "nums: [960.397443038427; 1209.8554687510211; 90.51551264834796; 444.5603010397264; 11665.619763891997; 1.0983201197265705e7; 277288.36766584666]\n",
      "s: [8.518042034442971e-5; 0.00010730557242861756; 8.02808198935337e-6; 3.9429335829140645e-5; 0.0010346574767242985; 0.9741318050063816; 0.0245935054134172]\n",
      "p in s: [0.0; 0.0; 0.0; 0.0; 0.0; 0.0; 0.0]\n",
      "X*beta - alpha .* p + xi: [6.867347201951246; 7.098256184143183; 4.505521246495766; 6.0970857061347585; 9.364401313253515; 16.21187749957435; 12.532813282169538]\n",
      "nums: [960.397443038427; 1209.8554687510211; 90.51551264834796; 444.5603010397264; 11665.619763891997; 1.0983201197265705e7; 277288.36766584666]\n",
      "s: [8.518042034442971e-5; 0.00010730557242861756; 8.02808198935337e-6; 3.9429335829140645e-5; 0.0010346574767242985; 0.9741318050063816; 0.0245935054134172]\n",
      "sj: [-0.000255519493921259 2.7421001294307872e-8 2.0515061952379966e-9 1.0075822199483649e-8 2.6439767633964825e-7 0.0002489308698639649 6.284655386573655e-6; 2.7421001294307872e-8 -0.00032188217382823 2.5843738001143145e-9 1.269296235487841e-8 3.330735384223497e-7 0.00031358931287139673 7.917060529239113e-6; 2.0515061952379966e-9 2.5843738001143145e-9 -2.4084052617758825e-5 9.496258224662685e-10 2.4918945162120434e-8 2.3461229997084066e-5 5.923160335935578e-7; 1.0075822199483649e-8 1.2692962354878409e-8 9.496258224662685e-10 -0.00011828334346985014 1.223875713536809e-7 0.0001152281102443307 2.9091167524842458e-6; 2.6439767633964825e-7 3.330735384223497e-7 2.491894516212043e-8 1.223875713536809e-7 -0.003100760881890471 0.0030236782660943676 7.633756276455486e-5; 0.0002489308698639649 0.00031358931287139673 2.3461229997084066e-5 0.00011522811024433073 0.003023678266094368 -0.07559709444417173 0.07187194745941895; 6.284655386573654e-6 7.917060529239113e-6 5.923160335935577e-7 2.9091167524842458e-6 7.633756276455484e-5 0.07187194745941894 -0.07196599471469226]\n",
      "jacomp: [0.0 0.0 0.0 0.0 0.0 0.0 0.0; 0.0 0.0 0.0 0.0 0.0 0.0 0.0; 0.0 0.0 0.0 0.0 0.0 0.0 0.0; 0.0 0.0 0.0 0.0 0.0 0.0 0.0; 0.0 0.0 0.0 0.0 0.0 0.0 0.0; 0.0 0.0 0.0 0.0 0.0 0.0 0.0; 0.0 0.0 0.0 0.0 0.0 0.0 0.0]\n",
      "om: [-0.000255519493921259 2.7421001294307872e-8 0.0 0.0 0.0 0.0 0.0; 2.7421001294307872e-8 -0.00032188217382823 0.0 0.0 0.0 0.0 0.0; 0.0 0.0 -2.4084052617758825e-5 9.496258224662685e-10 0.0 0.0 0.0; 0.0 0.0 9.496258224662685e-10 -0.00011828334346985014 0.0 0.0 0.0; 0.0 0.0 0.0 0.0 -0.003100760881890471 0.0030236782660943676 7.633756276455486e-5; 0.0 0.0 0.0 0.0 0.003023678266094368 -0.07559709444417173 0.07187194745941895; 0.0 0.0 0.0 0.0 7.633756276455484e-5 0.07187194745941894 -0.07196599471469226]\n",
      "J: [-0.000511038987842518 5.4842002588615745e-8 2.0515061952379966e-9 1.0075822199483649e-8 2.6439767633964825e-7 0.0002489308698639649 6.284655386573655e-6; 5.4842002588615745e-8 -0.00064376434765646 2.5843738001143145e-9 1.269296235487841e-8 3.330735384223497e-7 0.00031358931287139673 7.917060529239113e-6; 2.0515061952379966e-9 2.5843738001143145e-9 -4.816810523551765e-5 1.899251644932537e-9 2.4918945162120434e-8 2.3461229997084066e-5 5.923160335935578e-7; 1.0075822199483649e-8 1.2692962354878409e-8 1.899251644932537e-9 -0.00023656668693970028 1.223875713536809e-7 0.0001152281102443307 2.9091167524842458e-6; 2.6439767633964825e-7 3.330735384223497e-7 2.491894516212043e-8 1.223875713536809e-7 -0.006201521763780942 0.006047356532188735 0.00015267512552910971; 0.0002489308698639649 0.00031358931287139673 2.3461229997084066e-5 0.00011522811024433073 0.006047356532188736 -0.15119418888834346 0.1437438949188379; 6.284655386573654e-6 7.917060529239113e-6 5.923160335935577e-7 2.9091167524842458e-6 0.0001526751255291097 0.14374389491883788 -0.1439319894293845]\n",
      "p in s: [0.0; 0.0; 0.0; 0.0; 0.0; 0.0; 0.0]\n",
      "X*beta - alpha .* p + xi: [6.867347201951246; 7.098256184143183; 4.505521246495766; 6.0970857061347585; 9.364401313253515; 16.21187749957435; 12.532813282169538]\n",
      "nums: [960.397443038427; 1209.8554687510211; 90.51551264834796; 444.5603010397264; 11665.619763891997; 1.0983201197265705e7; 277288.36766584666]\n",
      "p in s: [0.0; 0.0; 0.0; 0.0; 0.0; 0.0; 0.0]\n",
      "X*beta - alpha .* p + xi: [6.867347201951246; 7.098256184143183; 4.505521246495766; 6.0970857061347585; 9.364401313253515; 16.21187749957435; 12.532813282169538]\n",
      "nums: [960.397443038427; 1209.8554687510211; 90.51551264834796; 444.5603010397264; 11665.619763891997; 1.0983201197265705e7; 277288.36766584666]\n",
      "s: [8.518042034442971e-5; 0.00010730557242861756; 8.02808198935337e-6; 3.9429335829140645e-5; 0.0010346574767242985; 0.9741318050063816; 0.0245935054134172]\n",
      "pnew: [50.0, 50.0, 50.0, 50.0, 50.0, 50.0, 50.0]\n",
      "diff: 50.0\n",
      "p: [50.0; 50.0; 50.0; 50.0; 50.0; 50.0; 50.0]\n",
      "p in s: [50.0; 50.0; 50.0; 50.0; 50.0; 50.0; 50.0]\n",
      "X*beta - alpha .* p + xi: [-143.13265279804875; -142.9017438158568; -145.49447875350424; -143.90291429386525; -140.63559868674648; -133.78812250042566; -137.46718671783046]\n",
      "nums: [6.890943826182426e-63; 8.680829101946507e-63; 6.494574903120702e-64; 3.189762825818868e-63; 8.370194139236937e-62; 7.880552268295514e-59; 1.9895706502445558e-60]\n",
      "s: [6.890943826182426e-63; 8.680829101946507e-63; 6.494574903120702e-64; 3.189762825818868e-63; 8.370194139236937e-62; 7.880552268295514e-59; 1.9895706502445558e-60]\n",
      "p in s: [50.0; 50.0; 50.0; 50.0; 50.0; 50.0; 50.0]\n",
      "X*beta - alpha .* p + xi: [-143.13265279804875; -142.9017438158568; -145.49447875350424; -143.90291429386525; -140.63559868674648; -133.78812250042566; -137.46718671783046]\n",
      "nums: [6.890943826182426e-63; 8.680829101946507e-63; 6.494574903120702e-64; 3.189762825818868e-63; 8.370194139236937e-62; 7.880552268295514e-59; 1.9895706502445558e-60]\n",
      "s: [6.890943826182426e-63; 8.680829101946507e-63; 6.494574903120702e-64; 3.189762825818868e-63; 8.370194139236937e-62; 7.880552268295514e-59; 1.9895706502445558e-60]\n",
      "p in s: [50.0; 50.0; 50.0; 50.0; 50.0; 50.0; 50.0]\n",
      "X*beta - alpha .* p + xi: [-143.13265279804875; -142.9017438158568; -145.49447875350424; -143.90291429386525; -140.63559868674648; -133.78812250042566; -137.46718671783046]\n",
      "nums: [6.890943826182426e-63; 8.680829101946507e-63; 6.494574903120702e-64; 3.189762825818868e-63; 8.370194139236937e-62; 7.880552268295514e-59; 1.9895706502445558e-60]\n",
      "p in s: [50.0; 50.0; 50.0; 50.0; 50.0; 50.0; 50.0]\n",
      "X*beta - alpha .* p + xi: [-143.13265279804875; -142.9017438158568; -145.49447875350424; -143.90291429386525; -140.63559868674648; -133.78812250042566; -137.46718671783046]\n",
      "nums: [6.890943826182426e-63; 8.680829101946507e-63; 6.494574903120702e-64; 3.189762825818868e-63; 8.370194139236937e-62; 7.880552268295514e-59; 1.9895706502445558e-60]\n",
      "s: [6.890943826182426e-63; 8.680829101946507e-63; 6.494574903120702e-64; 3.189762825818868e-63; 8.370194139236937e-62; 7.880552268295514e-59; 1.9895706502445558e-60]\n",
      "p in s: [50.0; 50.0; 50.0; 50.0; 50.0; 50.0; 50.0]\n",
      "X*beta - alpha .* p + xi: [-143.13265279804875; -142.9017438158568; -145.49447875350424; -143.90291429386525; -140.63559868674648; -133.78812250042566; -137.46718671783046]\n",
      "nums: [6.890943826182426e-63; 8.680829101946507e-63; 6.494574903120702e-64; 3.189762825818868e-63; 8.370194139236937e-62; 7.880552268295514e-59; 1.9895706502445558e-60]\n",
      "s: [6.890943826182426e-63; 8.680829101946507e-63; 6.494574903120702e-64; 3.189762825818868e-63; 8.370194139236937e-62; 7.880552268295514e-59; 1.9895706502445558e-60]\n",
      "sj: [-2.067283147854728e-62 1.7945731711860908e-124 1.342612524970168e-125 6.594142935468822e-125 1.730356128831693e-123 1.629133290003567e-120 4.1130058767169434e-122; 1.7945731711860906e-124 -2.604248730583952e-62 1.6913488447134483e-125 8.306935790002667e-125 2.1798067461849027e-123 2.0522918241009076e-120 5.181336840306473e-122; 1.342612524970168e-125 1.6913488447134483e-125 -1.9483724709362107e-63 6.214846078641178e-126 1.630825583728086e-124 1.535425109532089e-121 3.876424683919149e-123; 6.594142935468822e-125 8.306935790002667e-125 6.214846078641178e-126 -9.569288477456604e-63 8.009680233067483e-124 7.5411278016994765e-121 1.9038775498471073e-122; 1.730356128831693e-123 2.179806746184903e-123 1.630825583728086e-124 8.009680233067483e-124 -2.511058241771081e-61 1.9788525723011238e-119 4.995927778882441e-121; 1.6291332900035665e-120 2.0522918241009076e-120 1.535425109532089e-121 7.5411278016994765e-121 1.9788525723011238e-119 -2.364165680488654e-58 4.703674650215674e-118; 4.1130058767169434e-122 5.181336840306473e-122 3.876424683919149e-123 1.9038775498471073e-122 4.995927778882441e-121 4.703674650215674e-118 -5.968711950733668e-60]\n"
     ]
    },
    {
     "name": "stdout",
     "output_type": "stream",
     "text": [
      "jacomp: [3.100924721782092e-60 -5.383719513558273e-122 -2.013918787455252e-123 -9.891214403203234e-123 -2.59553419324754e-121 -2.44369993500535e-118 -6.1695088150754144e-120; -5.383719513558273e-122 3.906373095875928e-60 -2.5370232670701727e-123 -1.2460403685004e-122 -3.269710119277355e-121 -3.078437736151361e-118 -7.772005260459709e-120; -2.013918787455252e-123 -2.5370232670701727e-123 2.9225587064043158e-61 -1.8644538235923534e-123 -2.446238375592129e-122 -2.3031376642981334e-119 -5.8146370258787235e-121; -9.891214403203234e-123 -1.2460403685004e-122 -1.8644538235923534e-123 1.4353932716184904e-60 -1.2014520349601224e-121 -1.1311691702549214e-118 -2.855816324770661e-120; -2.59553419324754e-121 -3.269710119277354e-121 -2.446238375592129e-122 -1.2014520349601224e-121 3.7665873626566212e-59 -5.936557716903372e-117 -1.4987783336647323e-118; -2.4436999350053502e-118 -3.078437736151361e-118 -2.3031376642981334e-119 -1.1311691702549214e-118 -5.936557716903372e-117 3.546248520732981e-56 -1.4111023950647023e-115; -6.1695088150754144e-120 -7.772005260459709e-120 -5.8146370258787235e-121 -2.855816324770661e-120 -1.4987783336647323e-118 -1.4111023950647023e-115 8.953067926100501e-58]\n",
      "om: [-2.067283147854728e-62 1.7945731711860908e-124 0.0 0.0 0.0 0.0 0.0; 1.7945731711860906e-124 -2.604248730583952e-62 0.0 0.0 0.0 0.0 0.0; 0.0 0.0 -1.9483724709362107e-63 6.214846078641178e-126 0.0 0.0 0.0; 0.0 0.0 6.214846078641178e-126 -9.569288477456604e-63 0.0 0.0 0.0; 0.0 0.0 0.0 0.0 -2.511058241771081e-61 1.9788525723011238e-119 4.995927778882441e-121; 0.0 0.0 0.0 0.0 1.9788525723011238e-119 -2.364165680488654e-58 4.703674650215674e-118; 0.0 0.0 0.0 0.0 4.995927778882441e-121 4.703674650215674e-118 -5.968711950733668e-60]\n",
      "J: [3.0595790588249974e-60 -5.347828050134551e-122 -2.0004926622055503e-123 -9.825272973848546e-123 -2.5782306319592227e-121 -2.427408602105314e-118 -6.128378756308245e-120; -5.347828050134551e-122 3.8542881212642495e-60 -2.5201097786230383e-123 -1.2377334327103972e-122 -3.247912051815506e-121 -3.057914817910352e-118 -7.720191892056644e-120; -2.0004926622055503e-123 -2.5201097786230383e-123 2.8835912569855916e-61 -1.852024131435071e-123 -2.429930119754848e-122 -2.2877834132028126e-119 -5.775872779039532e-121; -9.825272973848546e-123 -1.2377334327103972e-122 -1.852024131435071e-123 1.4162546946635774e-60 -1.193442354727055e-121 -1.1236280424532218e-118 -2.8367775492721897e-120; -2.5782306319592227e-121 -3.247912051815505e-121 -2.429930119754848e-122 -1.193442354727055e-121 3.7163661978212e-59 -5.8969806654573494e-117 -1.4887864781069675e-118; -2.4274086021053146e-118 -3.057914817910352e-118 -2.2877834132028126e-119 -1.1236280424532218e-118 -5.8969806654573494e-117 3.4989652071232078e-56 -1.4016950457642709e-115; -6.128378756308245e-120 -7.720191892056644e-120 -5.775872779039532e-121 -2.8367775492721897e-120 -1.4887864781069675e-118 -1.4016950457642709e-115 8.833693687085827e-58]\n",
      "p in s: [50.0; 50.0; 50.0; 50.0; 50.0; 50.0; 50.0]\n",
      "X*beta - alpha .* p + xi: [-143.13265279804875; -142.9017438158568; -145.49447875350424; -143.90291429386525; -140.63559868674648; -133.78812250042566; -137.46718671783046]\n",
      "nums: [6.890943826182426e-63; 8.680829101946507e-63; 6.494574903120702e-64; 3.189762825818868e-63; 8.370194139236937e-62; 7.880552268295514e-59; 1.9895706502445558e-60]\n",
      "p in s: [50.0; 50.0; 50.0; 50.0; 50.0; 50.0; 50.0]\n",
      "X*beta - alpha .* p + xi: [-143.13265279804875; -142.9017438158568; -145.49447875350424; -143.90291429386525; -140.63559868674648; -133.78812250042566; -137.46718671783046]\n",
      "nums: [6.890943826182426e-63; 8.680829101946507e-63; 6.494574903120702e-64; 3.189762825818868e-63; 8.370194139236937e-62; 7.880552268295514e-59; 1.9895706502445558e-60]\n",
      "s: [6.890943826182426e-63; 8.680829101946507e-63; 6.494574903120702e-64; 3.189762825818868e-63; 8.370194139236937e-62; 7.880552268295514e-59; 1.9895706502445558e-60]\n",
      "pnew: [50.0, 50.0, 50.0, 50.0, 50.0, 50.0, 50.0]\n",
      "diff: 0.0\n",
      "out: [50.0; 50.0; 50.0; 50.0; 50.0; 50.0; 50.0]\n",
      "p in s: [50.0; 50.0; 50.0; 50.0; 50.0; 50.0; 50.0]\n",
      "X*beta - alpha .* p + xi: [-143.13265279804875; -142.9017438158568; -145.49447875350424; -143.90291429386525; -140.63559868674648; -133.78812250042566; -137.46718671783046]\n",
      "nums: [6.890943826182426e-63; 8.680829101946507e-63; 6.494574903120702e-64; 3.189762825818868e-63; 8.370194139236937e-62; 7.880552268295514e-59; 1.9895706502445558e-60]\n",
      "p in s: [50.0; 50.0; 50.0; 50.0; 50.0; 50.0; 50.0]\n",
      "X*beta - alpha .* p + xi: [-143.13265279804875; -142.9017438158568; -145.49447875350424; -143.90291429386525; -140.63559868674648; -133.78812250042566; -137.46718671783046]\n",
      "nums: [6.890943826182426e-63; 8.680829101946507e-63; 6.494574903120702e-64; 3.189762825818868e-63; 8.370194139236937e-62; 7.880552268295514e-59; 1.9895706502445558e-60]\n",
      "s: [6.890943826182426e-63; 8.680829101946507e-63; 6.494574903120702e-64; 3.189762825818868e-63; 8.370194139236937e-62; 7.880552268295514e-59; 1.9895706502445558e-60]\n",
      "fp_logit: [-1.0267506301011815e-60; -1.2934435361900293e-60; -9.676916605649847e-62; -4.7527466104701133e-61; -1.2471589267463035e-59; -1.1742022879760315e-56; -2.9644602688643882e-58]\n"
     ]
    }
   ],
   "source": [
    "p = zeros(size(X,1),1) .* 1.8\n",
    "# p[7] = 1\n",
    "alpha = 3\n",
    "beta = [1 1 2 -1 1]'\n",
    "\n",
    "\n",
    "# seed maintains results across runs\n",
    "rng = MersenneTwister(1234)\n",
    "xi = randn(rng, size(df17,1))\n",
    "\n",
    "println(\"delta: \", X*beta - alpha .* p + xi)\n",
    "\n",
    "s_logit(p, alpha, beta, X, xi)\n",
    "# println(\"sum shares: \", sum(s_logit(p, alpha, beta, X, xi)))\n",
    "\n",
    "s_logit_jac(p, alpha, beta, X, xi)\n",
    "\n",
    "s_logit_hess(p, alpha, beta, X, xi)\n",
    "\n",
    "Omega_star(Br)\n",
    "\n",
    "Omega(p, alpha, beta, X, xi, Br)\n",
    "\n",
    "fp_logit(p, alpha, beta, X, xi, Br)' * fp_logit(p, alpha, beta, X, xi, Br)\n",
    "\n",
    "out = solve_fp_logit(p, alpha, beta, X, xi, Br)\n",
    "println(\"out: \", out)\n",
    "println(\"fp_logit: \", fp_logit(out, alpha, beta, X, xi, Br))\n",
    "\n",
    "# inv(J_fp_logit(p, alpha, beta, X, xi, Br))\n",
    "\n",
    "# fp_logit_2(p, alpha, beta, X, xi, Br)\n",
    "# st = zeros(length(p))\n",
    "# fp_logit_2_jac(st, p, alpha, beta, X, xi, Br)\n",
    "# println(st)\n",
    "\n",
    "# jac_om_p(p, alpha, beta, X, xi, Br)\n",
    "\n",
    "# fp_logit_jac(p, alpha, beta, X, xi, Br)\n",
    "\n",
    "\n",
    "# op = solve_fp_logit(alpha, beta, X, xi, Br)\n",
    "# println(\"op: \", op)\n",
    "# println(\"opam: \", opam)\n",
    "# println(\"test on fp: \", fp_logit(opam, alpha, beta, X, xi, Br))\n",
    "\n",
    "# op = optimize(x -> (fp_logit(x, alpha, beta, X, xi, Br)' * fp_logit(x, alpha, beta, X, xi, Br))[1,1], p, LBFGS())\n",
    "\n",
    "# pmin = op.minimizer\n",
    "# println(\"p min: \", pmin)\n",
    "# println(\"min: \", op.minimum)\n",
    "# println(\"fp_logit: \", fp_logit(pmin, alpha, beta, X, xi, Br))\n",
    "# df17[3, \"Brand2\"]\n",
    "\n",
    "# Gradient must be wrong.\n",
    "# Check whole construction and parameter choice.\n"
   ]
  },
  {
   "cell_type": "code",
   "execution_count": 430,
   "metadata": {},
   "outputs": [
    {
     "data": {
      "text/plain": [
       "sHat (generic function with 1 method)"
      ]
     },
     "execution_count": 430,
     "metadata": {},
     "output_type": "execute_result"
    }
   ],
   "source": [
    "# NM: opam: [0.3720742469890362; 0.3724406061806239; 0.3447723065789802; \n",
    "# 0.3424326539927414; 2.4893064284464703; 2.5105275013368717; 4.366510826679992]\n",
    "\n",
    "# BFGS: opam: [0.37346117252339095; 0.37346116923202516; 5.8690207005673365; \n",
    "# 0.34160603728869476; 2.5287477985474984; 2.5287470025674392; 2.528747016448347]\n",
    "\n",
    "\n",
    "\n",
    "\n",
    "\n"
   ]
  },
  {
   "cell_type": "code",
   "execution_count": 707,
   "metadata": {},
   "outputs": [
    {
     "name": "stdout",
     "output_type": "stream",
     "text": [
      "x init: [-200.0, 1000.0]\n",
      "it: 1\n",
      "g(x): [-2410.0, 3994.0]\n",
      "x_new: [1005.0, -997.0]\n",
      "diff: 1997.0\n",
      "it: 2\n",
      "g(x): [0.0, 0.0]\n",
      "x_new: [1005.0, -997.0]\n",
      "diff: 0.0\n"
     ]
    },
    {
     "data": {
      "text/plain": [
       "2-element Array{Float64,1}:\n",
       " 1005.0\n",
       " -997.0"
      ]
     },
     "execution_count": 707,
     "metadata": {},
     "output_type": "execute_result"
    }
   ],
   "source": [
    "function f1(x, y, z) \n",
    "    return (x[1] - 5 - y)^2 + (x[2] - 3 - z)^2\n",
    "end\n",
    "\n",
    "function g1(storage, x, y, z)\n",
    "    storage[1] = 2*(x[1] - 5 - y)\n",
    "    storage[2] = 2*(x[2] - 3 - z)\n",
    "end\n",
    "\n",
    "function g2(x,y,z)\n",
    "    out = zeros(2)\n",
    "    out[1] = 2*(x[1] - 5 - y)\n",
    "    out[2] = 2*(x[2] - 3 - z)\n",
    "    \n",
    "    return out\n",
    "end\n",
    "\n",
    "function tester()\n",
    "    a = 1000\n",
    "    b = -1000\n",
    "    f(x) = f1(x,a,b)\n",
    "#     g!(storage, x) = g1(storage, x, a, b)\n",
    "    g!(x) = g2(x,a,b)\n",
    "    \n",
    "    out = basic_newton_zero(f, g!, [-200.0, 1000.0])\n",
    "    \n",
    "#     opt = optimize(f, g!, [100.0, -20.0], LBFGS())\n",
    "#     return opt, opt.minimizer, opt.minimum\n",
    "    return out\n",
    "end\n",
    "\n",
    "tester()\n",
    "\n"
   ]
  },
  {
   "cell_type": "code",
   "execution_count": 38,
   "metadata": {},
   "outputs": [
    {
     "name": "stdout",
     "output_type": "stream",
     "text": [
      "[0.00025530622161152114 -1.0965196505156214e-7 -4.100629194543775e-9 -2.0139939506954153e-8 -5.284882069011349e-7 -0.0004975725614462154 -1.2562010007891298e-5; -1.0965196505156214e-7 0.00032159214614629504 -5.1657453820817555e-9 -2.537117953554182e-8 -6.657601516169134e-7 -0.0006268143349711841 -1.5824923959053317e-5; -4.102414347598334e-9 -5.167994218957853e-9 2.4080002939195287e-5 -3.798220030691272e-9 -4.983062610163822e-8 -4.6915620716015493e-5 -1.184459398741835e-6; -2.0148707155240248e-8 -2.53822245329061e-8 -3.798220030691274e-9 0.00011825231170332975 -2.447394650108813e-7 -0.00023042262987567737 -5.817385456564767e-6; 1.0572036578993093e-6 1.3318065727522822e-6 9.963930220984128e-8 4.893711242390426e-7 -0.006199265020645103 0.006042950692029759 0.00015256389309296163; 0.0009953590736030823 0.0012538981931894371 9.381057547522316e-5 0.00046074376042034546 0.006042950692029759 -0.1532131616148883 0.1436391693876953; 2.512942154146277e-5 3.165665246077917e-5 2.3683970525637177e-6 1.1632208401225286e-5 0.00015256389309296168 0.14363916938769528 -0.14388088003553304]\n",
      "1.7763568394002505e-15\n",
      "[163.3843142638409 -3752.1457270829155 -3750.091454358377 -3750.091454358374 937.5836980194599 937.5836980194593 937.5836980194595; -3752.1457270829014 -643.9521147238629 -3750.0914543583604 -3750.0914543583576 937.5836980194558 937.5836980194554 937.5836980194555; -3751.7240055833136 -3751.7240055833117 37778.564564064014 -3748.335908712589 937.3115239097108 937.3115239097104 937.3115239097106; -3751.7240055833117 -3751.72400558331 -3748.3359087125905 4706.824563779539 937.3115239097103 937.31152390971 937.3115239097101; -1875.5705466827167 -1875.5705466827158 -1874.2101695675094 -1874.210169567508 307.52372899374495 468.6663348085198 468.66633480851993; -1875.5705466827155 -1875.5705466827146 -1874.2101695675083 -1874.210169567507 468.66633480851976 468.4951799390571 468.66633480851965; -1875.5705466827158 -1875.5705466827148 -1874.2101695675085 -1874.2101695675071 468.6663348085198 468.6663348085196 461.88700835129436]\n"
     ]
    }
   ],
   "source": [
    "p = ones(size(X,1),1)\n",
    "# p[1] = 50\n",
    "# p[2] = 30\n",
    "# p[3] = 90\n",
    "# p[4] = -12\n",
    "# p[5] = -40\n",
    "# p[6] = 0\n",
    "# p[7] = 1\n",
    "s(x) = s_logit(x, alpha, beta, X, xi)\n",
    "# println(s_logit_jac(p, alpha, beta, X, xi))\n",
    "ForwardDiff.jacobian(s, p)\n",
    "\n",
    "# ForwardDiff.gradient(fp, p)\n",
    "\n",
    "\n",
    "# fp(x) = fp_logit_2(x, alpha, beta, X, xi, Br)\n",
    "# println(fp_logit_2_jac(p, alpha, beta, X, xi, Br))\n",
    "# ForwardDiff.gradient(fp, p)\n",
    "\n",
    "fp(x) = fp_logit(x, alpha, beta, X, xi, Br)\n",
    "J_ex = J_fp_logit(p, alpha, beta, X, xi, Br)\n",
    "println(J_ex)\n",
    "println(maximum(abs.(ForwardDiff.jacobian(fp, p) .- J_ex)))\n",
    "println(inv(J_ex))"
   ]
  },
  {
   "cell_type": "code",
   "execution_count": 183,
   "metadata": {},
   "outputs": [
    {
     "name": "stdout",
     "output_type": "stream",
     "text": [
      "s1: [0.25, 0.25, 0.25]\n",
      "s2: [0.999999995877693, 2.0611536139418496e-9, 2.0611536139418496e-9]\n",
      "s3a: [0.16666666666666666, 0.16666666666666666, 0.16666666666666666, 0.16666666666666666, 0.16666666666666666]\n",
      "s3b: [0.17049141609366947, 0.1672576505059677, 0.17607521710600005, 0.16262522593808482, 0.16102535927576098]\n",
      "s3c: [0.157519607527216, 0.22113939342614863, 0.24138842201313673, 0.20933630482105567, 0.0927739387866564]\n",
      "s3d: [0.11106304301591606, 0.11056581613744365, 0.10059910933267713, 0.22341569460653107, 0.19352177497916223]\n"
     ]
    }
   ],
   "source": [
    "nI = 20\n",
    "# nJ = 10\n",
    "nN = 5\n",
    "\n",
